水務署員工儲蓄互助社
貸款帳細明表
日期:01/07/2007

 社員編號  社員名稱    貸款編號       取票日期 　　　　尚欠　　　　新貸　　     貸款總額    期數  股金    清數日期    
-------------------------------------------------------------------------------------------------------------------
   502    董家聲       2007060007    04/06/2007             0.00    40,000.00      40,000.00    12   300            
   556    葉澤桓       2007060020    14/06/2007             0.00    90,000.00      90,000.00     9 3,000            
   562    莫婉萍       2007060021    14/06/2007             0.00    90,000.00      90,000.00     9 3,000            
   1250   李國明       2007060012    07/06/2007         8,500.00     4,400.00      12,900.00    20   600            
   1277   吳啟禎       2007060019    14/06/2007        11,000.00    30,000.00      41,000.00    40   300            
   1300   余華章       2007060004    04/06/2007        46,449.00    33,551.00      80,000.00    24   900            
   1592   蘇炳文       2007060013    08/06/2007        63,750.00    86,250.00     150,000.00    64   600            
   1950   何達明       2007060030    15/06/2007        78,678.00     6,322.00      85,000.00    40   300            
   2150   唐  雄      2007060022    20/06/2007             0.00    30,000.00      30,000.00    30   600            
   2168   李麗娟       2007060018    14/06/2007       129,893.00    25,107.00     155,000.00    20   300            
   2218   朱好德       2007060028    15/06/2007        78,111.00    41,589.00     119,700.00    60   300            
   2242   蒲美珍       2007060023    14/06/2007       249,994.00    33,066.00     283,060.00    64   600            
   2465   雷致仁       2007060031    20/06/2007       155,010.00    10,590.00     165,600.00    36   900            
   2806   黃少強       2007060025    18/06/2007       133,170.00    36,830.00     170,000.00    60   600            
   2887   莫偉棠       2007060011    07/06/2007        98,000.00    22,000.00     120,000.00    60   300            
   2914   魯葉昌       2007060005    01/06/2007       139,871.00    15,129.00     155,000.00    58   300            
   2938   伍文漢       2007060003    04/06/2007        18,900.00    81,100.00     100,000.00    40 1,500            
   3390   江永健       2007060006    01/06/2007        90,875.00    57,000.00     147,875.00    48   900            
   3427   劉明全       2007060010    08/06/2007        41,125.00    52,876.00      94,001.00    48   300            
   3454   陳長樂       2007060024    14/06/2007         8,000.00    32,000.00      40,000.00    40   600            
   3584   伍潔茵       2007060026    18/06/2007       136,234.00     7,066.00     143,300.00    64   600            
   3766   劉貴凡       2007060001    01/06/2007        54,398.00    14,602.00      69,000.00    30   300            
   3773   張志剛       2007060009    06/06/2007        21,758.00    28,242.00      50,000.00    36   300            
   3806   戴添亮       2007060027    18/06/2007        64,325.00    10,000.00      74,325.00    50   300            
   3915   何應權       2007060015    12/06/2007             0.00    40,000.00      40,000.00    20 1,500            
   4029   何國源       2007060016    12/06/2007        79,466.00    20,534.00     100,000.00    50   500            
   4089   鍾炳洪       2007060014    08/06/2007             0.00     5,000.00       5,000.00    10 1,200            
   4092   周伯祺       2007060017    12/06/2007        82,623.00     8,277.00      90,900.00    48   600            
   4147   鄧鴻駒       2007060029    18/06/2007        60,275.00    15,000.00      75,275.00    40   500            
-------------------------------------------------------------------------------------------------------------------
                                                    1,850,405.00   966,531.00   2,816,936.00                      

貸款數目總計        29
